34
39
28
47
44
50
47
36
26
48
51
37
36
36
37
37
37
49
36
41
38
49
26
44
38
37
36
38
25
46
47
36
36
39
25
44
49
50
35
27
39
27
25
49
49
37
49
36
48
37
47
47
48
36
36
50
35
47
25
47
35
49
35
48
54
49
36
38
68
39
25
50
48
49
47
49
36
50
48
47
49
50
47
47
49
43
37
38
37
41
25
50
35
38
39
50
50
49
39
37
41
38
37
37
41
38
38
36
36
35
41
50
51
36
62
25
42
50
50
50
24
45
35
37
48
69
46
36
25
49
49
25
48
36
35
36
47
37
51
36
25
45
35
49
35
50
36
25
45
71
66
25
25
50
48
35
50
46
35
38
48
50
51
49
43
45
50
25
44
36
25
40
50
47
40
37
41
50
36
35
36
47
39
36
38
25
37
36
25
34
47
49
37
38
50
37
39
37
38
42
68
67
44
37
39
36
50
38
36
39
51
50
49
48
38
38
25
46
50
38
39
36
36
25
46
40
35
36
49
47
38
35
40
45
35
35
39
35
50
48
54
47
48
35
35
48
35
50
37
37
48
63
64
49
71
50
44
36
47
43
38
45
50
36
36
41
39
25
47
37
63
60
76
43
50
37
37
39
46
37
49
39
27
25
26
37
45
38
29
42
26
29
50
50
37
27
26
26
32
27
30
28
28
32
33
27
28
37
45
25
27
27
25
29
31
30
27
30
27
34
29
30
35
25
47
29
26
42
50
41
44
41
29
59
28
28
28
40
28
49
45
28
26
28
43
50
28
41
26
26
25
26
25
52
53
47
40
27
53
27
26
27
27
26
47
48
32
32
26
27
26
27
27
26
45
26
26
26
47
45
49
28
27
27
40
29
27
54
49
29
27
49
49
45
49
25
26
26
60
41
69
45
46
43
25
43
36
25
69
25
36
26
26
55
47
28
56
25
45
36
25
25
48
38
36
39
38
40
49
48
38
37
48
51
47
38
50
36
35
35
49
26
47
36
37
49
38
25
45
25
34
35
37
36
35
48
38
50
35
72
41
36
37
35
37
35
38
38
25
39
44
47
37
35
63
36
25
77
36
48
48
49
50
47
49
48
48
49
25
65
47
46
50
49
25
46
45
56
25
26
33
51
47
37
47
41
72
40
38
25
43
35
38
47
37
40
51
35
45
36
37
36
48
25
25
45
38
47
35
50
37
38
38
53
49
25
36
50
50
49
50
38
24
36
35
35
37
47
26
48
47
36
63
41
38
25
45
37
36
35
37
38
25
48
47
35
46
40
26
57
25
43
48
43
37
36
36
36
25
27
25
50
37
36
40
48
35
36
39
39
43
73
48
51
36
37
71
37
35
37
73
64
59
52
47
36
49
35
61
39
38
49
51
47
48
55
41
36
67
61
55
46
49
35
50
36
39
47
46
25
42
37
25
43
50
25
35
50
37
36
36
68
48
35
26
50
70
29
26
27
41
26
29
26
58
37
50
28
38
68
27
36
27
26
26
25
49
26
26
37
26
25
61
25
30
37
26
25
26
47
48
35
36
35
25
41
50
36
38
35
25
40
25
61
39
73
42
35
55
46
38
37
25
46
70
44
39
49
49
50
36
50
37
51
26
41
38
26
48
46
25
37
49
35
35
36
39
50
36
38
47
25
53
47
35
25
53
52
58
47
45
68
47
48
26
25
25
38
35
25
25
49
25
25
37
26
25
25
26
41
25
26
40
25
36
50
67
43
34
47
72
36
38
35
27
44
48
38
46
47
35
25
41
73
41
50
49
47
39
50
48
49
49
68
25
26
51
25
37
47
49
26
39
26
42
49
68
59
39
36
60
25
38
39
38
71
41
36
36
38
35
35
36
25
25
42
34
37
35
52
49
36
37
81
75
25
25
43
72
25
39
57
25
57
25
64
26
49
27
28
25
81
48
27
78
25
37
38
26
26
26
26
25
25
43
64
45
54
44
35
35
46
50
37
50
35
35
49
38
38
25
44
36
36
48
49
26
70
44
55
46
36
46
59
42
58
70
70
49
48
26
42
25
72
56
71
65
42
50
76
78
44
47
26
51
36
26
27
25
25
27
25
63
52
47
42
28
40
37
68
43
25
49
38
39
24
37
25
25
52
49
39
25
47
44
25
26
25
67
44
80
25
24
27
25
41
40
25
73
57
36
27
26
66
52
50
37
26
25
26
50
47
37
48
47
49
28
49
25
43
25
47
47
25
46
37
35
26
38
37
25
36
26
25
25
42
49
49
30
28
35
38
28
50
27
54
50
43
49
26
26
26
38
27
28
27
35
26
26
26
25
26
26
26
27
27
25
44
44
48
29
25
43
46
