66
48
45
44
44
43
41
42
43
41
42
40
43
42
41
42
40
41
42
43
43
43
40
42
42
42
41
39
42
43
43
43
43
40
43
41
43
41
41
42
43
62
44
41
43
42
43
43
42
40
47
46
43
43
41
43
44
43
44
42
44
44
44
44
41
41
43
44
44
43
40
44
43
43
43
42
40
44
44
45
44
41
44
44
44
45
41
40
43
39
42
43
41
41
40
38
42
42
41
41
40
43
41
42
41
41
42
42
42
42
40
39
42
42
42
42
39
42
42
43
43
41
42
43
43
42
40
40
42
41
43
43
39
45
44
43
43
41
40
44
42
44
45
41
43
44
44
44
41
44
44
45
43
40
45
43
43
44
44
41
44
43
43
43
41
43
45
44
43
41
46
45
44
46
40
42
43
39
42
42
42
40
40
39
42
42
41
39
38
42
42
42
42
41
43
42
42
42
41
39
43
42
41
42
40
43
41
42
42
40
44
41
42
45
42
40
44
41
43
42
41
42
43
44
42
41
44
43
46
45
43
42
43
45
43
43
41
43
44
44
45
42
46
43
44
43
41
42
43
44
44
45
42
45
46
45
46
42
45
52
49
45
42
42
43
39
42
43
43
41
42
40
43
42
45
42
42
41
43
45
41
41
66
56
44
44
66
39
47
48
49
51
51
42
41
41
52
42
47
60
55
48
76
52
48
92
179
41
41
52
57
51
43
63
63
73
57
47
69
60
53
52
65
46
45
63
49
44
40
41
45
45
48
56
59
46
47
46
54
47
48
47
47
44
41
57
52
51
47
42
44
44
45
43
41
45
76
54
44
47
53
48
51
55
50
53
62
65
52
46
45
45
66
47
48
46
45
45
51
46
42
51
53
53
50
54
55
44
48
46
66
43
39
40
52
53
46
45
43
42
45
41
41
38
42
43
43
43
40
42
41
41
42
42
51
57
51
43
47
41
44
43
42
41
43
41
41
40
42
44
39
39
42
43
42
41
40
40
41
40
43
40
41
42
41
43
40
42
42
50
41
40
38
42
42
42
38
39
42
43
43
42
39
41
42
42
42
41
43
43
46
45
42
44
42
45
42
40
39
43
42
42
43
41
44
44
43
43
40
42
43
44
42
40
42
43
43
47
40
44
55
45
42
39
41
47
44
43
40
92
43
41
40
43
45
39
40
41
42
40
40
39
43
42
42
39
38
41
42
42
41
39
41
42
42
41
39
43
42
44
42
40
42
41
41
42
40
54
43
41
41
43
51
42
41
50
43
41
38
41
42
40
41
38
40
42
43
42
38
39
42
43
45
45
39
43
43
42
43
39
43
42
41
43
40
41
42
41
42
39
42
42
41
42
41
40
42
43
42
40
39
42
42
43
42
41
44
42
43
43
39
44
43
43
43
41
41
42
43
43
43
40
44
42
42
42
40
43
45
42
43
39
42
42
42
61
42
41
41
40
42
42
39
38
46
46
50
48
43
48
41
41
51
51
44
41
44
50
47
44
50
49
49
46
49
45
42
46
78
41
44
44
43
39
46
47
47
45
66
54
50
41
38
41
42
39
38
42
43
42
41
39
84
43
42
44
38
41
40
41
41
41
42
41
44
43
39
45
42
42
42
39
42
41
44
40
40
40
42
43
38
40
45
42
41
40
40
43
42
41
41
40
41
41
41
41
41
44
42
43
44
40
42
42
48
42
39
43
42
43
41
39
40
42
41
43
45
40
44
44
45
43
42
44
43
46
43
39
42
44
42
44
40
39
42
44
44
41
41
44
42
43
42
40
43
43
44
43
40
42
43
43
42
40
43
43
42
45
41
45
43
75
43
44
44
42
45
42
38
38
41
50
41
41
40
43
42
42
41
39
42
42
42
41
39
43
41
41
42
39
42
42
42
44
39
42
42
42
42
38
43
44
41
41
42
50
42
49
48
54
46
54
41
43
60
42
43
40
46
46
44
43
49
39
42
48
41
40
41
45
42
43
42
40
42
41
42
42
40
39
41
43
42
39
39
44
41
42
42
40
44
41
42
43
41
43
42
47
44
43
43
45
49
49
42
55
44
51
43
41
44
43
42
55
48
45
47
57
50
48
47
53
43
43
42
41
45
42
42
43
41
43
44
46
46
195
44
42
44
41
44
46
40
42
46
47
47
43
39
43
42
42
41
39
42
45
57
45
39
42
45
43
42
41
41
42
43
45
40
45
46
53
41
42
45
44
47
46
47
44
38
39
43
41
40
41
39
44
50
40
41
39
44
41
41
49
44
42
49
57
69
41
44
51
44
48
42
41
44
43
52
47
45
43
53
56
47
48
45
47
44
42
44
48
64
51
48
45
46
44
43
47
42
45
